8 9
1 1 1 0 0 10 2 0
1 2 2 0 1 11 3 0
1 3 3 0 2 12 4 0
1 4 4 0 3 13 5 0
1 5 5 0 4 14 6 0
1 6 6 0 5 15 7 0
1 7 7 0 6 16 8 0
1 8 8 0 7 17 9 0
1 9 9 0 8 18 0 0

2 1 10 0 0 19 11 1
2 2 11 0 10 20 12 2
2 3 12 0 11 21 13 3
2 4 13 0 12 22 14 4
2 5 14 2 13 23 15 5
2 6 15 0 14 24 16 6
2 7 16 0 15 25 17 7
2 8 17 0 16 26 18 8
2 9 18 0 17 27 0 9

3 1 19 0 0 28 20 10
3 2 20 0 19 29 21 11
3 3 21 0 20 30 22 12
3 4 22 0 21 31 23 13
3 5 23 0 22 32 24 14
3 6 24 0 23 33 25 15
3 7 25 0 24 34 26 16
3 8 26 0 25 35 27 17
3 9 27 0 26 36 0 18

4 1 28 0 0 37 29 19
4 2 29 0 28 38 30 20
4 3 30 2 29 39 31 21
4 4 31 0 30 40 32 22
4 5 32 0 31 41 33 23
4 6 33 0 32 42 34 24
4 7 34 0 33 43 35 25
4 8 35 0 34 44 36 26
4 9 36 0 35 45 0 27

5 1 37 0 0 46 38 28
5 2 38 0 37 47 39 29
5 3 39 0 38 48 40 30
5 4 40 0 39 49 41 31
5 5 41 0 40 50 42 32
5 6 42 0 41 51 43 33
5 7 43 0 42 52 44 34
5 8 44 0 43 53 45 35
5 9 45 0 44 54 0 36

6 1 46 0 0 55 47 37
6 2 47 0 46 56 48 38
6 3 48 0 47 57 49 39
6 4 49 2 48 58 50 40
6 5 50 0 49 59 51 41
6 6 51 0 50 60 52 42
6 7 52 0 51 61 53 43
6 8 53 0 52 62 54 44
6 9 54 0 53 63 0 45

7 1 55 0 0 64 56 46
7 2 56 0 55 65 57 47
7 3 57 0 56 66 58 48
7 4 58 0 57 67 59 49
7 5 59 0 58 68 60 50
7 6 60 0 59 69 61 51
7 7 61 0 60 70 62 52
7 8 62 0 61 71 63 53
7 9 63 0 62 72 0 54

8 1 64 0 0 0 65 55
8 2 65 0 64 0 66 56
8 3 66 0 65 0 67 57
8 4 67 0 66 0 68 58
8 5 68 0 67 0 69 59
8 6 69 0 68 0 70 60
8 7 70 0 69 0 71 61
8 8 71 0 70 0 72 62
8 9 72 0 71 0 0 63

